<?xml version="1.0"?>
<opencv_storage>
<calibration_Time>"Tue Oct 13 22:37:55 2015"</calibration_Time>
<nrOfFrames>3</nrOfFrames>
<image_Width>1280</image_Width>
<image_Height>720</image_Height>
<board_Width>9</board_Width>
<board_Height>6</board_Height>
<square_Size>25.</square_Size>
<FixAspectRatio>1.</FixAspectRatio>
<!-- flags:  +fix_aspectRatio +fix_principal_point +zero_tangent_dist -->
<flagValue>14</flagValue>
<Camera_Matrix type_id="opencv-matrix">
  <rows>3</rows>
  <cols>3</cols>
  <dt>d</dt>
  <data>
    1.1146107220482741e+03 0. 6.3950000000000000e+02 0.
    1.1146107220482741e+03 3.5950000000000000e+02 0. 0. 1.</data></Camera_Matrix>
<Distortion_Coefficients type_id="opencv-matrix">
  <rows>5</rows>
  <cols>1</cols>
  <dt>d</dt>
  <data>
    -5.5271628138932660e-01 4.8605329255111762e-01 0. 0.
    -3.0706806686352517e-01</data></Distortion_Coefficients>
<Avg_Reprojection_Error>4.2062595855103441e-01</Avg_Reprojection_Error>
<Per_View_Reprojection_Errors type_id="opencv-matrix">
  <rows>3</rows>
  <cols>1</cols>
  <dt>f</dt>
  <data>
    4.73311335e-01 3.99451435e-01 3.83658051e-01</data></Per_View_Reprojection_Errors>
<!-- a set of 6-tuples (rotation vector + translation vector) for each view -->
<Extrinsic_Parameters type_id="opencv-matrix">
  <rows>3</rows>
  <cols>6</cols>
  <dt>d</dt>
  <data>
    5.1230453825924498e-02 7.6552254557682464e-01 3.0159695688744645e+00
    1.5202772269171439e+02 3.5109052570773656e+01 2.6985257712227263e+02
    -2.8174944928036522e-01 9.6948551649598735e-01
    1.7652951990084673e+00 1.3861982189099555e+02
    -7.8092159001071280e+01 4.5713296052499328e+02
    -2.1269274545733594e-01 4.2067108582333458e-02
    -3.1282660696310778e+00 1.3838834030727199e+02
    5.6611828122554769e+01 3.8249910949547967e+02</data></Extrinsic_Parameters>
<Image_points type_id="opencv-matrix">
  <rows>3</rows>
  <cols>54</cols>
  <dt>"2f"</dt>
  <data>
    1.17840674e+03 4.84245331e+02 1.10675830e+03 4.92281097e+02
    1.02724451e+03 4.99682556e+02 9.39686951e+02 5.06811920e+02
    8.46476379e+02 5.13290100e+02 7.48748291e+02 5.18935242e+02
    6.48100647e+02 5.22991638e+02 5.48570007e+02 5.25863525e+02
    4.51798859e+02 5.27751038e+02 1.16242603e+03 4.05450409e+02
    1.09174097e+03 4.10021057e+02 1.01392328e+03 4.14445923e+02
    9.28472778e+02 4.19407532e+02 8.37662476e+02 4.23957275e+02
    7.42982056e+02 4.28161560e+02 6.45485840e+02 4.31910858e+02
    5.49070435e+02 4.35358154e+02 4.55327759e+02 4.38474915e+02
    1.14460938e+03 3.30433014e+02 1.07526135e+03 3.32536377e+02
    9.99040283e+02 3.34691895e+02 9.15873596e+02 3.37309113e+02
    8.28356934e+02 3.40319000e+02 7.37288025e+02 3.42789368e+02
    6.43384094e+02 3.47139984e+02 5.50760803e+02 3.50680756e+02
    4.60176849e+02 3.54267944e+02 1.12580103e+03 2.60333984e+02
    1.05785571e+03 2.59732513e+02 9.83502563e+02 2.59858673e+02
    9.03291504e+02 2.60644257e+02 8.18707886e+02 2.62847717e+02
    7.31338013e+02 2.64460297e+02 6.41361694e+02 2.68609680e+02
    5.52631104e+02 2.72468658e+02 4.65829254e+02 2.76964996e+02
    1.10635876e+03 1.95671692e+02 1.03995166e+03 1.93204315e+02
    9.67504883e+02 1.92589996e+02 8.90117981e+02 1.92341446e+02
    8.09118591e+02 1.92857788e+02 7.25292725e+02 1.94440216e+02
    6.39656738e+02 1.97318085e+02 5.54875061e+02 2.01677887e+02
    4.71742950e+02 2.06082169e+02 1.08696863e+03 1.36521179e+02
    1.02196777e+03 1.33178436e+02 9.52280762e+02 1.30684799e+02
    8.77562134e+02 1.29599442e+02 7.99861755e+02 1.29655228e+02
    7.19898254e+02 1.30341644e+02 6.38077881e+02 1.33550980e+02
    5.56883728e+02 1.37648300e+02 4.77517334e+02 1.42402542e+02
    9.57501892e+02 1.81017792e+02 9.45953796e+02 2.13872330e+02
    9.33136658e+02 2.49709625e+02 9.19000183e+02 2.89313751e+02
    9.02631226e+02 3.32629730e+02 8.84484375e+02 3.79541321e+02
    8.63832581e+02 4.31320496e+02 8.41020142e+02 4.85995392e+02
    8.15645630e+02 5.45926636e+02 9.04274719e+02 1.76420639e+02
    8.90506897e+02 2.08359619e+02 8.75351196e+02 2.43815048e+02
    8.58684387e+02 2.82742004e+02 8.40093262e+02 3.25072113e+02
    8.19295898e+02 3.70819275e+02 7.95905334e+02 4.20658356e+02
    7.71021179e+02 4.74723236e+02 7.43326416e+02 5.32475037e+02
    8.52052551e+02 1.71946457e+02 8.36250916e+02 2.03834702e+02
    8.19006592e+02 2.38249207e+02 7.99892029e+02 2.76553070e+02
    7.79201172e+02 3.18067566e+02 7.55675781e+02 3.61837036e+02
    7.30893188e+02 4.11364746e+02 7.03531677e+02 4.63313934e+02
    6.73859619e+02 5.18871155e+02 8.00198425e+02 1.68904495e+02
    7.82614929e+02 1.99526199e+02 7.63344727e+02 2.33510773e+02
    7.42475708e+02 2.70525177e+02 7.19636719e+02 3.11369843e+02
    6.94525330e+02 3.53996307e+02 6.67992981e+02 4.01833252e+02
    6.39198303e+02 4.52330994e+02 6.08463196e+02 5.05665741e+02
    7.50497803e+02 1.65650650e+02 7.30926514e+02 1.95462051e+02
    7.10124146e+02 2.29926712e+02 6.87661133e+02 2.66263062e+02
    6.63119934e+02 3.05394623e+02 6.37044006e+02 3.47369232e+02
    6.08680420e+02 3.93158722e+02 5.78795776e+02 4.41326416e+02
    5.47137573e+02 4.92014832e+02 7.02220337e+02 1.63048019e+02
    6.81602112e+02 1.92756134e+02 6.58979980e+02 2.25747742e+02
    6.34944153e+02 2.61454712e+02 6.09578247e+02 2.99665009e+02
    5.82123901e+02 3.39968475e+02 5.53180359e+02 3.84312469e+02
    5.22503784e+02 4.30763916e+02 4.90065582e+02 4.79576385e+02
    1.01250171e+03 5.12340881e+02 9.49697021e+02 5.14009155e+02
    8.84391113e+02 5.14522949e+02 8.16818604e+02 5.14670654e+02
    7.48255310e+02 5.14155945e+02 6.79855408e+02 5.13164124e+02
    6.11529358e+02 5.11690369e+02 5.44986572e+02 5.09746185e+02
    4.80792725e+02 5.07070526e+02 1.01619275e+03 4.45642090e+02
    9.52647705e+02 4.46081360e+02 8.86661072e+02 4.46436401e+02
    8.18507507e+02 4.46067230e+02 7.49403870e+02 4.46031921e+02
    6.80324951e+02 4.44918274e+02 6.11354126e+02 4.44080170e+02
    5.44434753e+02 4.42534729e+02 4.79558319e+02 4.40889954e+02
    1.01772693e+03 3.77888794e+02 9.54313904e+02 3.77705505e+02
    8.88384277e+02 3.77014435e+02 8.19524353e+02 3.76569946e+02
    7.50421631e+02 3.76057007e+02 6.80683044e+02 3.75300262e+02
    6.11653259e+02 3.74921234e+02 5.44101685e+02 3.74098694e+02
    4.78990570e+02 3.73664032e+02 1.01864709e+03 3.09272095e+02
    9.55041443e+02 3.07906006e+02 8.88520081e+02 3.06779907e+02
    8.20177002e+02 3.06161316e+02 7.50621338e+02 3.05515717e+02
    6.81062561e+02 3.05232452e+02 6.11739990e+02 3.04946045e+02
    5.44679626e+02 3.05258575e+02 4.79324341e+02 3.05819580e+02
    1.01737555e+03 2.41597168e+02 9.54329346e+02 2.38967758e+02
    8.88025574e+02 2.37389114e+02 8.19478088e+02 2.36226196e+02
    7.50383423e+02 2.35600479e+02 6.81260315e+02 2.35360260e+02
    6.12311035e+02 2.36022156e+02 5.45043030e+02 2.36975159e+02
    4.79995026e+02 2.38685974e+02 1.01501599e+03 1.75277176e+02
    9.52216431e+02 1.71842163e+02 8.86494141e+02 1.69559113e+02
    8.18729065e+02 1.68111893e+02 7.49841736e+02 1.67399399e+02
    6.81287476e+02 1.67291397e+02 6.12784668e+02 1.68760712e+02
    5.46206360e+02 1.70253708e+02 4.81397095e+02 1.72702515e+02</data></Image_points>
</opencv_storage>
